20
20
20
20
20
7
7
7
7
7
5
5
5
5
5
4
4
4
4
4
7
7
7
7
7
5
5
5
5
5
9
9
9
9
9
11
11
11
11
11
6
6
6
6
6
9
9
9
9
9
13
13
13
13
13
16
16
16
16
16
15
15
15
15
15
13
13
13
13
13
16
16
16
16
16
10
10
10
10
10
28
28
28
28
28
15
15
15
15
15
11
11
11
11
11
11
11
11
11
11
13
13
13
13
13
12
12
12
12
12
5
5
5
5
5
8
8
8
8
8
4
4
4
4
4
3
3
3
3
3
4
4
4
4
4
3
3
3
3
3
4
4
4
4
4
3
3
3
3
3
1
1
1
1
1
1
1
1
1
1
1
1
1
1
1
1
1
1
1
1
2
2
2
2
2
1
1
1
1
1
2
2
2
2
2
1
1
1
1
1
1
1
1
1
1
2
2
2
2
2
2
2
2
2
2
1
1
1
1
1
1
1
1
1
1
1
1
1
1
1
1
1
1
1
1
1
1
1
1
1
0
0
0
0
0
0
0
0
0
0
1
1
1
1
1
1
1
1
1
1
0
0
0
0
0
0
0
0
0
0
1
1
1
1
1
1
1
1
1
1
0
0
0
0
0
0
0
0
0
0
0
0
0
0
0
0
0
0
0
0
0
0
0
0
0
0
0
0
0
0
0
0
0
0
0
0
0
0
0
0
0
0
0
0
0
0
0
0
0
0
0
0
0
0
0
0
0
0
0
0
0
0
0
0
0
0
0
0
0
0
0
0
0
0
0
0
0
0
0
0
0
0
0
0
0
0
0
0
0
0
0
0
0
0
0
